Volume	Page	Kanda	Sarga	First	Last3
1	1	---	Book Title	---	---
1	2	---	Blank	---	---
1	3	1	Invocation	1	5
1	4	1	1	1	5
1	5	1	1	6	15
1	6	1	1	16	25
1	7	1	1	26	35
1	8	1	1	36	45
1	9	1	1	46	55
1	10	1	1	56	65
1	11	1	1	66	75
1	12	1	1	76	85
1	13	1	1	86	94
1	14a	1	1	95	96
1	14b	1	2	1	2
1	15	1	2	3	12
1	16	1	2	13	22
1	17	1	2	23	32
1	18	1	2	33	42
1	19a	1	2	43	45
1	19b	1	3	1	2
1	20	1	3	3	12
1	21	1	3	13	22
1	22	1	3	23	32
1	23	1	3	33	38
1	24	1	4	1	8
1	25	1	4	9	18
1	26	1	4	19	28
1	27	1	4	29	32
1	28	1	5	1	7
1	29	1	5	8	17
1	30	1	5	18	21
1	31	1	6	1	8
1	32	1	6	9	18
1	33	1	6	19	26
1	34	1	7	1	7
1	35	1	7	8	17
1	36a	1	7	18	18
1	36b	1	8	1	5
1	37	1	8	6	15
1	38	1	8	16	25
1	39a	1	8	26	29
1	39b	1	9	1	2
1	40	1	9	3	12
1	41	1	9	13	22
1	42	1	9	23	32
1	43	1	9	33	42
1	44	1	9	43	52
1	45	1	9	53	62
1	46	1	9	63	70
1	47	1	10	1	9
1	48	1	10	10	19
1	49	1	10	20	29
1	50	1	10	30	37
1	51	1	11	1	8
1	52	1	11	9	18
1	53a	1	11	19	21
1	53b	1	12	1	3
1	54	1	12	4	13
1	55	1	12	14	23
1	56	1	12	24	33
1	57a	1	12	34	37
1	57b	1	13	1	3
1	58	1	13	4	13
1	59	1	13	14	23
1	60	1	13	24	33
1	61	1	13	34	43
1	62	1	13	44	53
1	63a	1	13	54	56
1	63b	1	14	1	3
1	64	1	14	4	12
1	65	1	14	13	22
1	66	1	14	23	32
1	67	1	14	33	42
1	68	1	14	43	47
1	69	1	15	1	7
1	70	1	15	8	17
1	71	1	15	18	25
1	72a	1	15	26	26
1	72b	1	16	1	3
1	73	1	16	4	13
1	74	1	16	14	23
1	75	1	16	24	32
1	76a	1	16	33	33
1	76b	1	17	1	4
1	77	1	17	5	14
1	78	1	17	15	24
1	79	1	17	25	34
1	80	1	17	35	41
1	81	1	18	1	8
1	82	1	18	9	18
1	83	1	18	19	23
1	84	1	19	1	8
1	85	1	19	9	18
1	86	1	19	19	26
1	87	1	20	1	8
1	88	1	20	9	18
1	89	1	20	19	24
1	90	1	21	1	8
1	91	1	21	9	18
1	92a	1	21	19	21
1	92b	1	22	1	3
1	93	1	22	4	13
1	94	1	22	14	23
1	95a	1	22	24	25
1	95b	1	23	1	4
1	96	1	23	5	14
1	97	1	23	15	19
1	98	1	24	1	8
1	99	1	24	9	18
1	100	1	24	19	22
1	101	1	25	1	8
1	102	1	25	9	18
1	103a	1	25	19	21
1	103b	1	26	1	3
1	104	1	26	4	13
1	105	1	26	14	23
1	106	1	26	24	31
1	107	1	27	1	8
1	108	1	27	9	18
1	109a	1	27	19	21
1	109b	1	28	1	3
1	110	1	28	4	13
1	111	1	28	14	23
1	112	1	28	24	33
1	113	1	28	34	38
1	114	1	29	1	8
1	115	1	29	9	18
1	116	1	29	19	26
1	117	1	30	1	8
1	118	1	30	9	18
1	119a	1	30	19	20
1	119b	1	31	1	4
1	120	1	31	5	14
1	121	1	31	15	24
1	122	1	31	25	31
1	123	1	32	1	8
1	124	1	32	9	18
1	125	1	32	19	25
1	126	1	33	1	8
1	127	1	33	9	18
1	128	1	33	19	25
1	129	1	34	1	8
1	130	1	34	9	18
1	131	1	34	19	28
1	132	1	34	29	38
1	133	1	34	39	48
1	134	1	34	49	53
1	135	1	35	1	8
1	136	1	35	9	18
1	137	1	35	19	23
1	138	1	36	1	8
1	139	1	36	9	18
1	140a	1	36	19	23
1	140b	1	37	1	2
1	141	1	37	3	12
1	142	1	37	13	22
1	143	1	37	23	28
1	144	1	38	1	8
1	145	1	38	9	18
1	146	1	38	19	28
1	147a	1	38	29	31
1	147b	1	39	1	3
1	148	1	39	4	13
1	149	1	39	14	23
1	150a	1	39	24	25
1	150b	1	40	1	4
1	151	1	40	5	14
1	152	1	40	15	24
1	153a	1	40	25	26
1	153b	1	41	1	4
1	154	1	41	5	14
1	155	1	41	15	24
1	156	1	41	25	30
1	157	1	42	1	9
1	158	1	42	10	19
1	159	1	42	20	27
1	160	1	43	1	8
1	161	1	43	9	18
1	162	1	43	19	26
1	163	1	44	1	8
1	164	1	44	9	18
1	165	1	44	19	28
1	166	1	44	29	38
1	167	1	44	39	48
1	168	1	44	49	58
1	169	1	44	59	63
1	170	1	45	1	8
1	171	1	45	9	18
1	172	1	45	19	28
1	173	1	45	29	38
1	174	1	45	39	48
1	175a	1	45	49	50
1	175b	1	46	1	5
1	176	1	46	6	15
1	177	1	46	16	23
1	178	1	47	1	8
1	179	1	47	9	18
1	180	1	47	19	22
1	181	1	48	1	8
1	182	1	48	9	18
1	183	1	48	19	28
1	184	1	48	29	34
1	185	1	49	1	8
1	186	1	49	9	18
1	187	1	49	19	25
1	188	1	50	1	8
1	189	1	50	9	18
1	190	1	50	19	24
1	191	1	51	1	7
1	192	1	51	8	17
1	193	1	51	18	27
1	194a	1	51	28	28
1	194b	1	52	1	3
1	195	1	52	4	13
1	196	1	52	14	23
1	197a	1	52	24	24
1	197b	1	53	1	4
1	198	1	53	5	14
1	199	1	53	15	24
1	200a	1	53	25	25
1	200b	1	54	1	5
1	201	1	54	6	15
1	202	1	54	16	23
1	203	1	55	1	6
1	204	1	55	7	16
1	205	1	55	17	26
1	206a	1	55	27	27
1	206b	1	56	1	3
1	207	1	56	4	13
1	208	1	56	14	23
1	209a	1	56	24	24
1	209b	1	57	1	4
1	210	1	57	5	13
1	211	1	57	14	21
1	212	1	58	1	7
1	213	1	58	8	17
1	214	1	58	18	24
1	215	1	59	1	7
1	216	1	59	8	17
1	217	1	59	18	22
1	218	1	60	1	7
1	219	1	60	8	17
1	220	1	60	18	27
1	221	1	60	28	33
1	222	1	61	1	7
1	223	1	61	8	17
1	224	1	61	18	22
1	225	1	62	1	7
1	226	1	62	8	17
1	227	1	62	18	27
1	228a	1	62	28	28
1	228b	1	63	1	1
1	229	1	63	5	14
1	230	1	63	15	24
1	231	1	63	25	28
1	232	1	64	1	7
1	233	1	64	8	17
1	234a	1	64	18	20
1	234b	1	65	1	2
1	235	1	65	3	12
1	236	1	65	13	22
1	237	1	65	23	31
1	238	1	65	32	38
1	239	1	66	1	9
1	240	1	66	10	19
1	241	1	66	20	27
1	242	1	67	1	9
1	243	1	67	10	19
1	244	1	67	20	27
1	245	1	68	1	7
1	246	1	68	8	17
1	247a	1	68	18	18
1	247b	1	69	1	5
1	248	1	69	6	15
1	249	1	69	16	19
1	250	1	70	1	8
1	251	1	70	9	18
1	252	1	70	19	28
1	253	1	70	29	38
1	254	1	70	39	44
1	255	1	71	1	8
1	256	1	71	9	18
1	257	1	71	19	24
1	258	1	72	1	8
1	259	1	72	9	18
1	260	1	72	19	24
1	261	1	73	1	9
1	262	1	73	10	19
1	263	1	73	20	29
1	264	1	73	30	37
1	265	1	74	1	8
1	266	1	74	9	18
1	267	1	74	19	23
1	268	1	75	1	8
1	269	1	75	9	18
1	270	1	75	19	28
1	271a	1	75	29	29
1	271b	1	76	1	6
1	272	1	76	7	16
1	273	1	76	17	24
1	274	1	77	1	8
1	275	1	77	9	18
1	276	1	77	19	28
1	277	1	77	29	29
1	278	1	Colophone	---	---
1	279	2	Title page	---	---
1	280	2	Blank page	---	---
1	281	2	1	1	7
1	282	2	1	8	17
1	283	2	1	18	27
1	284	2	1	28	35
1	285	2	2	1	8
1	286	2	2	9	18
1	287	2	2	19	28
1	288	2	2	29	38
1	289a	2	2	39	39
1	289b	2	3	1	4
1	290	2	3	5	14
1	291	2	3	15	24
1	292	2	3	25	34
1	293	2	3	35	44
1	294	2	3	45	48
1	295	2	4	1	8
1	296	2	4	9	18
1	297	2	4	19	28
1	298	2	4	29	38
1	299	2	4	39	44
1	300	2	5	1	9
1	301	2	5	10	19
1	302	2	5	20	26
1	303	2	6	1	9
1	304	2	6	10	19
1	305	2	6	20	27
1	306	2	7	1	8
1	307	2	7	9	18
1	308	2	7	19	28
1	309	2	7	29	34
1	310	2	8	1	7
1	311	2	8	8	17
1	312	2	8	18	27
1	313	2	8	28	37
1	314a	2	8	38	38
1	314b	2	9	1	4
1	315	2	9	5	14
1	316	2	9	15	24
1	317	2	9	25	34
1	318	2	9	35	44
1	319	2	9	45	52
1	320	2	9	53	55
1	321	2	10	1	9
1	322	2	10	10	19
1	323	2	10	20	29
1	324	2	10	30	38
1	325	2	11	1	8
1	326	2	11	9	18
1	327	2	11	19	24
1	328	2	12	1	8
1	329	2	12	9	18
1	330	2	12	19	28
1	331	2	12	29	38
1	332	2	12	39	48
1	333	2	12	49	58
1	334	2	12	59	68
1	335	2	12	69	78
1	336	2	12	79	88
1	337	2	12	89	97
1	338	2	12	98	102
1	339	2	12	103	107
1	340a	2	12	108	108
1	340b	2	13	1	4
1	341	2	13	5	14
1	342	2	13	15	20
1	343	2	14	1	8
1	344	2	14	9	18
1	345	2	14	19	28
1	346	2	14	29	38
1	347	2	14	39	48
1	348	2	14	49	58
1	349	2	14	59	64
1	350	2	15	1	9
1	351	2	15	10	19
1	352	2	15	20	29
1	353	2	15	30	38
1	354	2	15	39	42
1	355	2	16	1	8
1	356	2	16	9	18
1	357	2	16	19	28
1	358	2	16	29	38
1	359a	2	16	39	41
1	359b	2	17	1	4
1	360	2	17	5	14
1	361a	2	17	15	16
1	361b	2	18	1	4
1	362	2	18	5	14
1	363	2	18	15	24
1	364	2	18	25	34
1	365	2	18	35	41
1	366	2	19	1	8
1	367	2	19	9	18
1	368	2	19	19	28
1	369	2	19	29	38
1	370a	2	19	39	40
1	370b	2	20	1	3
1	371	2	20	4	13
1	372	2	20	14	23
1	373	2	20	24	33
1	374	2	20	34	43
1	375	2	20	44	50
1	376	2	20	51	51
2	1	---	Book Title	---	---
2	2	---	Blank	---	---
2	3	2	21	1	5
2	4	2	21	6	15
2	5	2	21	16	25
2	6	2	21	26	35
2	7	2	21	36	45
2	8	2	21	46	52
2	9	2	21	53	57
2	10	2	21	58	62
2	11a	2	21	63	63
2	11b	2	22	1	4
2	12	2	22	5	14
2	13	2	22	15	24
2	14	2	22	25	30
2	15	2	23	1	8
2	16	2	23	9	18
2	17	2	23	19	28
2	18	2	23	29	38
2	19	2	23	39	42
2	20	2	24	1	9
2	21	2	24	10	19
2	22	2	24	20	29
2	23	2	24	30	36
2	24	2	25	1	7
2	25	2	25	8	17
2	26	2	25	18	27
2	27	2	25	28	37
2	28	2	25	38	45b
2	29a	2	25	45c	45d
2	29b	2	26	1	5
2	30	2	26	6	15
2	31	2	26	16	25
2	32	2	26	26	35
2	33a	2	26	36	38
2	33b	2	27	1	2
2	34	2	27	3	12
2	35	2	27	13	21
2	36a	2	27	22	23
2	36b	2	28	1	2
2	37	2	28	3	12
2	38	2	28	13	22
2	39a	2	28	23	25
2	39b	2	29	1	4
2	40	2	29	5	14
2	41	2	29	15	22
2	42	2	30	1	8
2	43	2	30	9	18
2	44	2	30	19	28
2	45	2	30	29	38
2	46	2	30	39	46
2	47	2	31	1	7
2	48	2	31	8	17
2	49	2	31	18	27
2	50	2	31	28	37b
2	51a	2	31	37c	37d
2	51b	2	32	1	5
2	52	2	32	6	15
2	53	2	32	16	25
2	54	2	32	26	35
2	55	2	32	36	41
2	56	2	33	1	9
2	57	2	33	10	19
2	58	2	33	20	27
2	59	2	34	1	8
2	60	2	34	9	18
2	61	2	34	19	28
2	62	2	34	29	38
2	63	2	34	39	48
2	64	2	34	49	53
2	65	2	35	1	8
2	66	2	35	9	18
2	67	2	35	19	28
2	68	2	35	29	34
2	69	2	36	1	8
2	70	2	36	9	18
2	71	2	36	19	28
2	72a	2	36	29	30
2	72b	2	37	1	4
2	73	2	37	5	14
2	74	2	37	15	24
2	75	2	37	25	32
2	76	2	38	1	6
2	77	2	38	7	15
2	78a	2	38	16	17
2	78b	2	39	1	3
2	79	2	39	4	13
2	80	2	39	14	23
2	81	2	39	24	33
2	82	2	39	34	40
2	83	2	40	1	8
2	84	2	40	9	18
2	85	2	40	19	28
2	86	2	40	29	38
2	87	2	40	39	48
2	88a	2	40	49	49
2	88b	2	41	1	4
2	89	2	41	5	14
2	90	2	41	15	18
2	91	2	42	1	8
2	92	2	42	9	18
2	93	2	42	19	28
2	94	2	42	29	33
2	95	2	43	1	8
2	96	2	43	9	18
2	97a	2	43	19	20
2	97b	2	44	1	3
2	98	2	44	4	13
2	99	2	44	14	23
2	100a	2	44	24	25
2	100b	2	45	1	3
2	101	2	45	4	13
2	102	2	45	14	23
2	103	2	45	24	33b
2	104a	2	45	33c	33d
2	104b	2	46	1	6
2	105	2	46	7	16
2	106	2	46	17	26
2	107	2	46	27	33
2	108	2	47	1	8
2	109	2	47	9	18
2	110a	2	47	19	19
2	110b	2	48	1	4
2	111	2	48	5	14
2	112	2	48	15	24
2	113	2	48	25	29
2	114	2	49	1	8
2	115	2	49	9	16
2	116	2	50	1	7
2	117	2	50	8	17
2	118	2	50	18	27
2	119	2	50	28	37b
2	120a	2	50	37c	37d
2	120b	2	51	1	5
2	121	2	51	6	15
2	122	2	51	16	21
2	123	2	52	1	8
2	124	2	52	9	17
2	125	2	52	18	27
2	126	2	52	28	37
2	127	2	52	38	47
2	128	2	52	48	57
2	129	2	52	58	67
2	130	2	52	68	77
2	131	2	52	78	87
2	132	2	52	88	97
2	133a	2	52	98	100
2	133b	2	53	1	3
2	134	2	53	4	13
2	135	2	53	14	23
2	136	2	53	24	33
2	137a	2	53	34	34
2	137b	2	54	1	5
2	138	2	54	6	15
2	139	2	54	16	25
2	140	2	54	26	35
2	141	2	54	36	41
2	142	2	55	1	8
2	143	2	55	9	18
2	144	2	55	19	28
2	145	2	55	29	33
2	146	2	56	1	8
2	147	2	56	9	13
2	148	2	56	14	21
2	149	2	56	22	31
2	150a	2	56	32	33
2	150b	2	57	1	3
2	151	2	57	4	13
2	152	2	57	14	23
2	153	2	57	24	31
2	154	2	58	1	8
2	155	2	58	9	18
2	156	2	58	19	28
2	157a	2	58	29	32
2	157b	2	59	1	2
2	158	2	59	3	12
2	159	2	59	13	22
2	160	2	59	23	32
2	161a	2	59	33	33
2	161b	2	60	1	3
2	162	2	60	4	13
2	163	2	60	14	22
2	164a	2	60	23	23
2	164b	2	61	1	4
2	165	2	61	5	14
2	166	2	61	15	24
2	167a	2	61	25	25
2	167b	2	62	1	5
2	168	2	62	6	14
2	169	2	62	15	20
2	170	2	63	1	8
2	171	2	63	9	18
2	172	2	63	19	28
2	173	2	63	29	38
2	174	2	63	39	48
2	175a	2	63	49	50
2	175b	2	64	1	4
2	176	2	64	5	14
2	177	2	64	15	24
2	178	2	64	25	34
2	179	2	64	35	44
2	180	2	64	45	54
2	181	2	64	55	64
2	182	2	64	65	72
2	183	2	65	1	7
2	184	2	65	8	17
2	185	2	65	18	27
2	186a	2	65	28	28
2	186b	2	66	1	6
2	187	2	66	7	16
2	188	2	66	17	23
2	189	2	67	1	8
2	190	2	67	9	18
2	191	2	67	19	28
2	192	2	67	29	33
2	193	2	68	1	8
2	194	2	68	9	18
2	195	2	68	19	22
2	196	2	69	1	8
2	197	2	69	9	18
2	198a	2	69	19	21
2	198b	2	70	1	3
2	199	2	70	4	13
2	200	2	70	14	23
2	201	2	70	24	30
2	202	2	71	1	8
2	203	2	71	9	18
2	204	2	71	19	28
2	205	2	71	29	38
2	206a	2	71	39	39
2	206b	2	72	1	6
2	207	2	72	7	16
2	208	2	72	17	26
2	209	2	72	27	36
2	210	2	72	37	46
2	211	2	72	47	53
2	212	2	73	1	7
2	213	2	73	8	17
2	214	2	73	18	23
2	215	2	74	1	8
2	216	2	74	9	18
2	217	2	74	19	28
2	218a	2	74	29	31
2	218b	2	75	1	3
2	219	2	75	4	13
2	220	2	75	14	23
2	221	2	75	24	33
2	222	2	75	34	43
2	223a	2	75	44	45
2	223b	2	76	1	3
2	224	2	76	4	13
2	225	2	76	14	23b
2	226a	2	76	23c	23d
2	226b	2	77	1	5
2	227	2	77	6	15
2	228	2	77	16	25
2	229a	2	77	26	26
2	229b	2	78	1	5
2	230	2	78	6	15
2	231	2	78	16	25
2	232a	2	78	26	26
2	232b	2	79	1	4
2	233	2	79	5	14
2	234a	2	79	15	16
2	234b	2	80	1	4
2	235	2	80	5	14
2	236	2	80	15	21
2	237	2	81	1	9
2	238	2	81	10	16
2	239	2	82	1	8
2	240	2	82	9	18
2	241	2	82	19	28b
2	242	2	82	28c	31
2	243	2	83	1	9
2	244	2	83	10	19
2	245	2	83	20	26
2	246	2	84	1	9
2	247	2	84	10	18
2	248	2	85	1	8
2	249	2	85	9	18
2	250a	2	85	19	19
2	250b	2	86	1	5
2	251	2	86	6	15
2	252	2	86	16	22
2	253	2	87	1	8
2	254	2	87	9	18
2	255	2	87	19	24
2	256	2	88	1	8
2	257	2	88	9	18
2	258	2	88	19	25
2	259	2	89	1	8
2	260	2	89	9	18
2	261	2	89	19	23
2	262	2	90	1	8
2	263	2	90	9	18
2	264	2	90	19	23
2	265	2	91	1	8
2	266	2	91	9	18
2	267	2	91	19	28
2	268	2	91	29	38
2	269	2	91	39	48
2	270	2	91	49	58
2	271	2	91	59	68
2	272	2	91	69	75
2	273	2	92	1	8
2	274	2	92	9	18
2	275	2	92	19	28
2	276	2	92	29	36
2	277	2	93	1	9
2	278	2	93	10	19
2	279	2	93	20	26
2	280	2	94	1	9
2	281	2	94	10	19
2	282	2	94	20	26
2	283	2	95	1	9
2	284	2	95	10	18
2	285a	2	95	19	19
2	285b	2	96	1	4
2	286	2	96	5	14
2	287	2	96	15	24
2	288	2	96	25	34
2	289	2	96	35	44
2	290	2	96	45	54
2	291a	2	96	55	57
2	291b	2	97	1	3
2	292	2	97	4	13
2	293	2	97	14	23
2	294	2	97	24	31
2	295	2	98	1	8
2	296	2	98	9	18
2	297	2	98	19	28
2	298a	2	98	29	31
2	298b	2	99	1	2
2	299	2	99	3	12
2	300	2	99	13	16
2	301	2	100	1	7
2	302	2	100	8	17
2	303	2	100	18	27
2	304	2	100	28	37
2	305a	2	100	38	39
2	305b	2	101	1	2
2	306	2	101	3	12
2	307	2	101	13	22
2	308	2	101	23	28
2	309	2	102	1	8
2	310a	2	102	9	9
2	310b	2	103	1	4
2	311	2	103	5	14
2	312	2	103	15	24
2	313	2	103	25	34
2	314	2	103	35	44
2	315	2	103	45	48
2	316	2	104	1	9
2	317	2	104	10	19
2	318	2	104	20	27
2	319	2	104	28	30
2	320	2	105	1	8
2	321	2	105	9	18
2	322	2	105	19	28
2	323	2	105	29	38
2	324a	2	105	39	39
2	324b	2	106	1	4
2	325	2	106	5	14
2	326	2	106	15	24
2	327	2	106	25	32
2	328a	2	106	33	33
2	328b	2	107	1	4
2	329	2	107	5	14
2	330	2	107	15	19
2	331	2	108	1	7
2	332	2	108	8	17
2	333a	2	108	18	18
2	333b	2	109	1	5
2	334	2	109	6	15
2	335	2	109	16	25
2	336	2	109	26	32
2	337	2	109	33	37
2	338a	2	109	38	38
2	338b	2	110	1	5
2	339	2	110	6	15
2	340	2	110	16	25
2	341	2	110	26	35
2	342a	2	110	36	37
2	342b	2	111	1	4
2	343	2	111	5	14
2	344	2	111	15	24
2	345	2	111	25	32
2	346	2	112	1	8
2	347	2	112	9	18
2	348	2	112	19	28
2	349	2	112	29	31
2	350	2	113	1	8
2	351	2	113	9	18
2	352	2	113	19	24
2	353	2	114	1	6
2	354	2	114	7	16
2	355a	2	114	17	17
2	355b	2	115	1	4
2	356	2	115	5	14
2	357	2	115	15	24
2	358	2	115	25	25
